Map from character to field name
A:	
B:	AbuDhabi
C:	Al-Hasa
D:	AlAin
E:	AlArtawiyah
F:	AlBatnah
G:	AlDahkliya
H:	Albaha
I:	Amibara
J:	Amman
K:	Aseer
L:	Birmingham
M:	Bisha
N:	Buraidah
O:	Chicago
P:	Daejeon
Q:	Dakhelyia
R:	Doha
S:	Dubai
T:	Egypt
U:	England
V:	Ethiopia
W:	Florida
X:	Garissa
Y:	HafrAlBatin
Z:	Hufuf
[:	Jeddah
\:	Jordan
]:	Kharj
^:	Khobar
_:	Madinah
`:	Munich
a:	Najran
b:	NileDeltaregion
c:	Northern
d:	Pyeongtaek
e:	Qaseem
f:	Qasim
g:	Qatar
h:	Riyadh
i:	SaudiArabia
j:	Seoul
k:	Shenzhen
l:	Silaa
m:	Tabuk
n:	Taif
o:	TanaRiver
p:	UmmAlQuwain
q:	UnitedArabEmirates
r:	Valenciennes
s:	WadiAdDawasir
t:	WesternRegion
u:	?


Substitution rate (mu): 99.086881

Equilibrium frequencies (pi_i):
  A: 0.0211
  B: 0.0173
  C: 0.02
  D: 0.0154
  E: 0.0193
  F: 0.0191
  G: 0.021
  H: 0.0211
  I: 0.0211
  J: 0.02
  K: 0.0207
  L: 0.0193
  M: 0.0193
  N: 0.0192
  O: 0.0178
  P: 0.0223
  Q: 0.0196
  R: 0.0209
  S: 0.0144
  T: 0.0211
  U: 0.0185
  V: 0.0212
  W: 0.0207
  X: 0.0211
  Y: 0.0211
  Z: 0.0196
  [: 0.015
  \: 0.0202
  ]: 0.0178
  ^: 0.0193
  _: 0.0193
  `: 0.0193
  a: 0.0182
  b: 0.0193
  c: 0.0193
  d: 0.0209
  e: 0.0193
  f: 0.0178
  g: 0.0181
  h: 0.0146
  i: 0.0152
  j: 0.0208
  k: 0.0191
  l: 0.0212
  m: 0.0188
  n: 0.0168
  o: 0.0211
  p: 0.0192
  q: 0.0194
  r: 0.0191
  s: 0.0193
  t: 0.0192

Symmetrized rates from j->i (W_ij):
	A	B	C	D	E	F	G	H	I	J	K	L	M	N	O	P	Q	R	S	T	U	V	W	X	Y	Z	[	\	]	^	_	`	a	b	c	d	e	f	g	h	i	j	k	l	m	n	o	p	q	r	s	t
  A	0	0.9836	0.9863	0.9865	0.9866	0.9865	0.9866	0.9866	0.9865	0.9862	0.9866	0.9865	0.9866	0.9865	0.9865	0.9863	0.9866	0.9866	0.9864	0.9866	0.9865	0.9865	0.9865	0.9866	0.9865	0.9864	0.9856	1.4798	0.9865	0.9865	0.9866	0.9866	0.9865	0.9865	0.9866	0.9866	0.9866	0.9865	0.9865	0.9837	0.9863	0.9863	0.9865	0.9865	0.9865	0.9864	0.9865	0.9866	0.9865	0.9865	0.9866	0.9866
  B	0.9836	0	0.9836	3.4452	0.9839	1.4758	0.9836	0.9836	0.9836	0.9835	0.9837	0.9838	0.9839	0.9839	1.4761	0.9832	1.4757	0.9837	3.4454	0.9836	0.984	0.9836	0.9837	0.9836	0.9836	1.4756	0.9837	0.9837	0.984	0.9839	0.9839	0.9839	0.984	0.9838	0.9839	0.9836	0.9839	0.984	1.476	3.4378	1.4763	0.9835	0.9839	0.9836	0.9839	1.4762	0.9836	1.4758	1.4758	1.4758	0.9839	1.4758
  C	0.9863	0.9836	0	0.9863	0.9864	1.4795	0.9863	0.9863	0.9863	0.986	0.9863	0.9863	0.9864	0.9863	0.9864	0.9861	0.9863	0.9863	0.9862	0.9863	0.9863	0.9863	0.9863	0.9863	0.9863	0.9862	0.9855	0.9863	0.9863	0.9863	0.9864	0.9864	0.9864	0.9863	0.9864	0.9863	0.9864	0.9863	0.9863	1.4756	0.9861	0.9861	0.9863	0.9863	0.9863	0.9863	0.9863	0.9864	0.9863	0.9863	0.9864	0.9864
  D	0.9865	3.4452	0.9863	0	0.9865	0.9865	0.9865	0.9865	0.9865	0.9862	0.9865	0.9865	0.9865	0.9865	0.9865	0.9863	1.4797	0.9865	0.9864	0.9865	0.9865	0.9864	0.9865	0.9865	0.9865	0.9864	0.9858	0.9865	0.9865	0.9865	0.9865	0.9865	0.9865	0.9865	0.9865	0.9865	0.9865	0.9865	0.9865	0.9845	0.9863	0.9863	0.9865	0.9865	0.9865	0.9864	0.9865	0.9865	0.9865	0.9865	0.9865	0.9865
  E	0.9866	0.9839	0.9864	0.9865	0	0.9866	0.9866	0.9866	0.9865	0.9862	0.9866	0.9865	0.9866	0.9866	0.9866	0.9863	0.9866	0.9866	0.9864	0.9866	0.9865	0.9865	0.9865	0.9866	0.9865	0.9865	0.9857	0.9865	0.9865	0.9866	0.9866	0.9866	0.9866	0.9865	0.9866	0.9866	0.9866	0.9865	0.9865	1.476	0.9863	0.9864	0.9866	0.9865	0.9866	0.9865	0.9866	0.9866	0.9866	0.9866	0.9866	0.9866
  F	0.9865	1.4758	1.4795	0.9865	0.9866	0	0.9866	0.9866	0.9865	0.9862	0.9866	0.9865	0.9866	0.9866	0.9866	0.9863	0.9866	0.9866	0.9864	0.9866	0.9865	0.9865	0.9865	0.9866	0.9865	0.9865	0.9857	0.9865	0.9865	0.9865	0.9866	0.9866	0.9865	0.9865	0.9866	0.9866	0.9866	0.9865	0.9865	0.984	0.9863	0.9864	0.9865	0.9865	0.9866	0.9864	0.9865	0.9866	0.9865	0.9866	0.9866	0.9866
  G	0.9866	0.9836	0.9863	0.9865	0.9866	0.9866	0	0.9866	0.9865	0.9862	0.9866	0.9865	0.9866	0.9866	0.9866	0.9863	0.9866	0.9866	1.4796	0.9866	0.9865	0.9865	0.9865	0.9866	0.9865	0.9865	0.9856	0.9865	0.9865	0.9866	0.9866	0.9866	0.9866	0.9865	0.9866	0.9866	0.9866	0.9865	0.9865	0.9838	0.9863	0.9864	0.9866	0.9865	0.9866	0.9864	0.9866	0.9866	0.9866	0.9866	0.9866	0.9866
  H	0.9866	0.9836	0.9863	0.9865	0.9866	0.9866	0.9866	0	0.9865	0.9862	0.9866	0.9865	0.9866	0.9866	0.9866	0.9863	0.9866	0.9866	0.9864	0.9866	0.9865	0.9865	0.9865	0.9866	0.9865	0.9865	0.9856	0.9865	0.9865	0.9866	0.9866	0.9866	1.4798	0.9865	0.9866	0.9866	0.9866	0.9865	0.9865	0.9837	0.9863	0.9864	0.9866	0.9865	0.9866	0.9864	0.9866	0.9866	0.9866	0.9866	0.9866	0.9866
  I	0.9865	0.9836	0.9863	0.9865	0.9865	0.9865	0.9865	0.9865	0	0.9861	0.9865	0.9865	0.9865	0.9865	0.9865	0.9863	0.9865	0.9865	0.9864	0.9865	0.9865	1.4797	0.9865	0.9865	0.9865	0.9864	0.9856	0.9865	0.9865	0.9865	0.9865	0.9865	0.9865	1.4797	0.9865	0.9865	0.9865	0.9865	0.9865	0.9837	0.9862	0.9863	0.9865	0.9865	0.9865	0.9864	0.9865	0.9865	0.9865	0.9865	0.9865	0.9865
  J	0.9862	0.9835	0.986	0.9862	0.9862	0.9862	0.9862	0.9862	0.9861	0	0.9862	0.9862	0.9862	0.9862	0.9862	0.9859	0.9862	0.9862	0.9861	0.9862	0.9862	0.9861	1.4792	0.9862	0.9861	0.9861	0.9854	2.9585	0.9862	0.9862	0.9862	0.9862	0.9862	0.9862	0.9862	0.9862	0.9862	0.9862	0.9862	1.4754	0.986	0.986	0.9862	0.9861	0.9862	0.9861	0.9862	0.9862	1.4793	0.9862	0.9862	0.9862
  K	0.9866	0.9837	0.9863	0.9865	0.9866	0.9866	0.9866	0.9866	0.9865	0.9862	0	0.9865	0.9866	0.9866	0.9866	0.9863	0.9866	0.9866	0.9864	0.9866	0.9865	0.9865	0.9865	0.9866	0.9865	0.9865	1.4785	0.9865	0.9865	0.9866	0.9866	0.9866	0.9866	0.9865	0.9866	0.9866	0.9866	0.9865	0.9865	0.9838	1.4794	0.9864	0.9866	0.9865	0.9866	0.9864	0.9866	0.9866	0.9866	0.9866	0.9866	0.9866
  L	0.9865	0.9838	0.9863	0.9865	0.9865	0.9865	0.9865	0.9865	0.9865	0.9862	0.9865	0	0.9865	0.9865	0.9865	0.9863	0.9865	0.9865	0.9864	0.9865	1.4798	0.9865	0.9865	0.9865	0.9865	0.9864	0.9857	0.9865	0.9865	0.9865	0.9865	0.9865	0.9865	0.9865	0.9865	0.9865	0.9865	0.9865	0.9865	1.4759	0.9863	0.9863	0.9865	0.9865	0.9865	0.9864	0.9865	0.9865	0.9865	0.9865	0.9865	0.9865
  M	0.9866	0.9839	0.9864	0.9865	0.9866	0.9866	0.9866	0.9866	0.9865	0.9862	0.9866	0.9865	0	0.9866	0.9866	0.9863	0.9866	0.9866	0.9864	0.9866	0.9865	0.9865	0.9865	0.9866	0.9865	0.9865	0.9857	0.9865	0.9865	0.9866	0.9866	0.9866	0.9866	0.9865	0.9866	0.9866	0.9866	0.9865	0.9865	1.476	0.9863	0.9864	0.9866	0.9865	0.9866	0.9865	0.9866	0.9866	0.9866	0.9866	0.9866	0.9866
  N	0.9865	0.9839	0.9863	0.9865	0.9866	0.9866	0.9866	0.9866	0.9865	0.9862	0.9866	0.9865	0.9866	0	0.9866	0.9863	0.9866	0.9866	0.9864	0.9866	0.9865	0.9865	0.9865	0.9866	0.9865	0.9865	0.9857	0.9865	0.9865	0.9865	0.9866	0.9866	0.9865	0.9865	0.9866	0.9866	0.9866	0.9865	0.9865	1.476	1.4794	0.9864	0.9865	0.9865	0.9866	0.9864	0.9865	0.9866	0.9865	0.9866	0.9866	0.9866
  O	0.9865	1.4761	0.9864	0.9865	0.9866	0.9866	0.9866	0.9866	0.9865	0.9862	0.9866	0.9865	0.9866	0.9866	0	0.9863	0.9866	0.9866	0.9864	0.9866	0.9865	0.9865	0.9865	0.9866	0.9865	0.9865	0.9858	0.9865	0.9865	0.9866	0.9866	0.9866	0.9866	0.9865	0.9866	0.9866	0.9866	0.9865	0.9865	1.4763	0.9863	0.9864	0.9866	0.9865	0.9866	0.9865	0.9865	0.9866	0.9866	0.9866	0.9866	0.9866
  P	0.9863	0.9832	0.9861	0.9863	0.9863	0.9863	0.9863	0.9863	0.9863	0.9859	0.9863	0.9863	0.9863	0.9863	0.9863	0	0.9863	0.9863	0.9862	0.9863	0.9863	0.9863	0.9863	0.9863	0.9863	0.9862	0.9854	0.9863	0.9863	0.9863	0.9863	0.9863	0.9863	0.9863	0.9863	1.4795	0.9863	0.9863	0.9863	0.9834	0.9861	3.4513	1.4795	0.9863	0.9863	0.9862	0.9863	0.9863	0.9863	0.9863	0.9863	0.9863
  Q	0.9866	1.4757	0.9863	1.4797	0.9866	0.9866	0.9866	0.9866	0.9865	0.9862	0.9866	0.9865	0.9866	0.9866	0.9866	0.9863	0	0.9866	0.9864	0.9866	0.9865	0.9865	0.9865	0.9866	0.9865	0.9865	0.9857	0.9865	0.9865	0.9866	0.9866	0.9866	0.9866	0.9865	0.9866	0.9866	0.9866	0.9865	0.9865	0.9839	0.9863	0.9864	0.9866	0.9865	0.9866	0.9865	0.9866	0.9866	0.9866	0.9866	0.9866	0.9866
  R	0.9866	0.9837	0.9863	0.9865	0.9866	0.9866	0.9866	0.9866	0.9865	0.9862	0.9866	0.9865	0.9866	0.9866	0.9866	0.9863	0.9866	0	0.9864	0.9866	0.9865	0.9865	0.9865	0.9866	0.9865	0.9865	0.9856	0.9865	0.9865	0.9866	0.9866	0.9866	0.9866	0.9865	0.9866	0.9866	0.9866	0.9865	0.9865	0.9838	1.4794	0.9864	0.9866	0.9865	0.9866	0.9864	0.9866	0.9866	0.9866	0.9866	0.9866	0.9866
  S	0.9864	3.4454	0.9862	0.9864	0.9864	0.9864	1.4796	0.9864	0.9864	0.9861	0.9864	0.9864	0.9864	0.9864	0.9864	0.9862	0.9864	0.9864	0	0.9864	0.9864	0.9864	0.9864	0.9864	0.9864	0.9863	0.9858	0.9864	0.9864	0.9864	0.9864	0.9864	0.9864	0.9864	0.9864	0.9864	0.9864	0.9864	0.9864	1.4768	1.4794	0.9863	0.9864	0.9864	0.9864	0.9863	0.9864	0.9864	0.9864	0.9864	0.9864	0.9864
  T	0.9866	0.9836	0.9863	0.9865	0.9866	0.9866	0.9866	0.9866	0.9865	0.9862	0.9866	0.9865	0.9866	0.9866	0.9866	0.9863	0.9866	0.9866	0.9864	0	0.9865	0.9865	0.9865	0.9866	0.9865	0.9865	0.9856	0.9865	0.9865	0.9866	0.9866	0.9866	0.9866	1.4798	0.9866	0.9866	0.9866	0.9865	0.9865	0.9837	0.9863	0.9864	0.9866	0.9865	0.9866	0.9864	0.9866	0.9866	0.9866	0.9866	0.9866	0.9866
  U	0.9865	0.984	0.9863	0.9865	0.9865	0.9865	0.9865	0.9865	0.9865	0.9862	0.9865	1.4798	0.9865	0.9865	0.9865	0.9863	0.9865	0.9865	0.9864	0.9865	0	0.9865	0.9865	0.9865	0.9865	0.9864	0.9857	0.9865	0.9865	0.9865	0.9865	0.9865	0.9865	0.9865	0.9865	0.9865	0.9865	0.9865	0.9865	1.9681	0.9863	0.9864	0.9865	0.9865	0.9865	0.9864	0.9865	0.9865	0.9865	0.9865	0.9865	0.9865
  V	0.9865	0.9836	0.9863	0.9864	0.9865	0.9865	0.9865	0.9865	1.4797	0.9861	0.9865	0.9865	0.9865	0.9865	0.9865	0.9863	0.9865	0.9865	0.9864	0.9865	0.9865	0	0.9865	0.9865	0.9865	0.9864	0.9856	0.9865	0.9865	0.9865	0.9865	0.9865	0.9865	0.9865	0.9865	0.9865	0.9865	0.9865	0.9865	0.9837	0.9862	0.9863	0.9865	0.9865	0.9865	0.9864	1.4797	0.9865	0.9865	0.9865	0.9865	0.9865
  W	0.9865	0.9837	0.9863	0.9865	0.9865	0.9865	0.9865	0.9865	0.9865	1.4792	0.9865	0.9865	0.9865	0.9865	0.9865	0.9863	0.9865	0.9865	0.9864	0.9865	0.9865	0.9865	0	0.9865	0.9865	0.9864	0.9856	0.9865	0.9865	0.9865	0.9865	0.9865	0.9865	0.9865	0.9865	0.9865	0.9865	0.9865	0.9865	0.9838	1.4794	0.9863	0.9865	0.9865	0.9865	0.9864	0.9865	0.9865	0.9865	0.9865	0.9865	0.9865
  X	0.9866	0.9836	0.9863	0.9865	0.9866	0.9866	0.9866	0.9866	0.9865	0.9862	0.9866	0.9865	0.9866	0.9866	0.9866	0.9863	0.9866	0.9866	0.9864	0.9866	0.9865	0.9865	0.9865	0	0.9865	0.9865	0.9856	0.9865	0.9865	0.9866	0.9866	0.9866	0.9866	0.9865	0.9866	0.9866	0.9866	0.9865	0.9865	0.9837	0.9863	0.9864	0.9866	0.9865	0.9866	0.9864	1.4798	0.9866	0.9866	0.9866	0.9866	0.9866
  Y	0.9865	0.9836	0.9863	0.9865	0.9865	0.9865	0.9865	0.9865	0.9865	0.9861	0.9865	0.9865	0.9865	0.9865	0.9865	0.9863	0.9865	0.9865	0.9864	0.9865	0.9865	0.9865	0.9865	0.9865	0	0.9864	0.9856	1.4797	0.9865	0.9865	0.9865	0.9865	0.9865	0.9865	0.9865	0.9865	0.9865	0.9865	1.4797	0.9837	0.9862	0.9863	0.9865	0.9865	0.9865	0.9864	0.9865	0.9865	0.9865	0.9865	0.9865	0.9865
  Z	0.9864	1.4756	0.9862	0.9864	0.9865	0.9865	0.9865	0.9865	0.9864	0.9861	0.9865	0.9864	0.9865	0.9865	0.9865	0.9862	0.9865	0.9865	0.9863	0.9865	0.9864	0.9864	0.9864	0.9865	0.9864	0	0.9856	0.9864	0.9864	0.9864	0.9865	0.9865	0.9865	0.9864	0.9865	0.9865	0.9865	0.9864	0.9864	0.9839	0.9862	1.4794	1.4797	0.9864	0.9865	0.9864	0.9864	0.9865	0.9864	0.9865	0.9865	0.9865
  [	0.9856	0.9837	0.9855	0.9858	0.9857	0.9857	0.9856	0.9856	0.9856	0.9854	1.4785	0.9857	0.9857	0.9857	0.9858	0.9854	0.9857	0.9856	0.9858	0.9856	0.9857	0.9856	0.9856	0.9856	0.9856	0.9856	0	0.9856	0.9857	0.9857	0.9857	0.9857	0.9857	0.9857	0.9857	0.9856	0.9857	0.9857	0.9857	4.4276	1.9713	0.9855	0.9857	0.9856	1.4786	2.9572	0.9856	0.9857	0.9857	0.9857	0.9857	0.9857
  \	1.4798	0.9837	0.9863	0.9865	0.9865	0.9865	0.9865	0.9865	0.9865	2.9585	0.9865	0.9865	0.9865	0.9865	0.9865	0.9863	0.9865	0.9865	0.9864	0.9865	0.9865	0.9865	0.9865	0.9865	1.4797	0.9864	0.9856	0	0.9865	0.9865	0.9865	0.9865	0.9865	0.9865	0.9865	0.9865	0.9865	0.9865	0.9865	1.4757	0.9862	0.9863	0.9865	0.9865	0.9865	0.9864	0.9865	0.9865	0.9865	0.9865	0.9865	0.9865
  ]	0.9865	0.984	0.9863	0.9865	0.9865	0.9865	0.9865	0.9865	0.9865	0.9862	0.9865	0.9865	0.9865	0.9865	0.9865	0.9863	0.9865	0.9865	0.9864	0.9865	0.9865	0.9865	0.9865	0.9865	0.9865	0.9864	0.9857	0.9865	0	0.9865	0.9865	0.9865	0.9865	0.9865	0.9865	0.9865	0.9865	0.9865	0.9865	1.9683	0.9863	0.9864	0.9865	0.9865	0.9865	0.9864	0.9865	0.9865	0.9865	0.9865	0.9865	0.9865
  ^	0.9865	0.9839	0.9863	0.9865	0.9866	0.9865	0.9866	0.9866	0.9865	0.9862	0.9866	0.9865	0.9866	0.9865	0.9866	0.9863	0.9866	0.9866	0.9864	0.9866	0.9865	0.9865	0.9865	0.9866	0.9865	0.9864	0.9857	0.9865	0.9865	0	0.9866	0.9866	0.9865	0.9865	0.9866	0.9866	0.9866	0.9865	0.9865	1.4759	0.9863	0.9864	0.9865	0.9865	0.9865	0.9864	0.9865	0.9866	0.9865	0.9865	0.9866	0.9866
  _	0.9866	0.9839	0.9864	0.9865	0.9866	0.9866	0.9866	0.9866	0.9865	0.9862	0.9866	0.9865	0.9866	0.9866	0.9866	0.9863	0.9866	0.9866	0.9864	0.9866	0.9865	0.9865	0.9865	0.9866	0.9865	0.9865	0.9857	0.9865	0.9865	0.9866	0	0.9866	0.9866	0.9865	0.9866	0.9866	0.9866	0.9865	0.9865	1.476	0.9863	0.9864	0.9866	0.9865	0.9866	0.9865	0.9866	0.9866	0.9866	0.9866	0.9866	0.9866
  `	0.9866	0.9839	0.9864	0.9865	0.9866	0.9866	0.9866	0.9866	0.9865	0.9862	0.9866	0.9865	0.9866	0.9866	0.9866	0.9863	0.9866	0.9866	0.9864	0.9866	0.9865	0.9865	0.9865	0.9866	0.9865	0.9865	0.9857	0.9865	0.9865	0.9866	0.9866	0	0.9866	0.9865	0.9866	0.9866	0.9866	0.9865	0.9865	1.476	0.9863	0.9864	0.9866	0.9865	0.9866	0.9865	0.9866	0.9866	0.9866	0.9866	0.9866	0.9866
  a	0.9865	0.984	0.9864	0.9865	0.9866	0.9865	0.9866	1.4798	0.9865	0.9862	0.9866	0.9865	0.9866	0.9865	0.9866	0.9863	0.9866	0.9866	0.9864	0.9866	0.9865	0.9865	0.9865	0.9866	0.9865	0.9865	0.9857	0.9865	0.9865	0.9865	0.9866	0.9866	0	0.9865	0.9866	0.9866	0.9866	0.9865	0.9865	1.9682	0.9863	0.9864	0.9865	0.9865	0.9865	0.9864	0.9865	0.9866	0.9865	0.9865	0.9866	0.9866
  b	0.9865	0.9838	0.9863	0.9865	0.9865	0.9865	0.9865	0.9865	1.4797	0.9862	0.9865	0.9865	0.9865	0.9865	0.9865	0.9863	0.9865	0.9865	0.9864	1.4798	0.9865	0.9865	0.9865	0.9865	0.9865	0.9864	0.9857	0.9865	0.9865	0.9865	0.9865	0.9865	0.9865	0	0.9865	0.9865	0.9865	0.9865	0.9865	1.4759	0.9863	0.9863	0.9865	0.9865	0.9865	0.9864	0.9865	0.9865	0.9865	0.9865	0.9865	0.9865
  c	0.9866	0.9839	0.9864	0.9865	0.9866	0.9866	0.9866	0.9866	0.9865	0.9862	0.9866	0.9865	0.9866	0.9866	0.9866	0.9863	0.9866	0.9866	0.9864	0.9866	0.9865	0.9865	0.9865	0.9866	0.9865	0.9865	0.9857	0.9865	0.9865	0.9866	0.9866	0.9866	0.9866	0.9865	0	0.9866	0.9866	0.9865	0.9865	1.476	0.9863	0.9864	0.9866	0.9865	0.9866	0.9865	0.9866	0.9866	0.9866	0.9866	0.9866	0.9866
  d	0.9866	0.9836	0.9863	0.9865	0.9866	0.9866	0.9866	0.9866	0.9865	0.9862	0.9866	0.9865	0.9866	0.9866	0.9866	1.4795	0.9866	0.9866	0.9864	0.9866	0.9865	0.9865	0.9865	0.9866	0.9865	0.9865	0.9856	0.9865	0.9865	0.9866	0.9866	0.9866	0.9866	0.9865	0.9866	0	0.9866	0.9865	0.9865	0.9838	0.9863	0.9864	0.9866	0.9865	0.9866	0.9864	0.9866	0.9866	0.9866	0.9866	0.9866	0.9866
  e	0.9866	0.9839	0.9864	0.9865	0.9866	0.9866	0.9866	0.9866	0.9865	0.9862	0.9866	0.9865	0.9866	0.9866	0.9866	0.9863	0.9866	0.9866	0.9864	0.9866	0.9865	0.9865	0.9865	0.9866	0.9865	0.9865	0.9857	0.9865	0.9865	0.9866	0.9866	0.9866	0.9866	0.9865	0.9866	0.9866	0	0.9865	0.9865	1.476	0.9863	0.9864	0.9866	0.9865	0.9866	0.9865	0.9866	0.9866	0.9866	0.9866	0.9866	0.9866
  f	0.9865	0.984	0.9863	0.9865	0.9865	0.9865	0.9865	0.9865	0.9865	0.9862	0.9865	0.9865	0.9865	0.9865	0.9865	0.9863	0.9865	0.9865	0.9864	0.9865	0.9865	0.9865	0.9865	0.9865	0.9865	0.9864	0.9857	0.9865	0.9865	0.9865	0.9865	0.9865	0.9865	0.9865	0.9865	0.9865	0.9865	0	0.9865	1.9683	0.9863	0.9864	0.9865	0.9865	0.9865	0.9864	0.9865	0.9865	0.9865	0.9865	0.9865	0.9865
  g	0.9865	1.476	0.9863	0.9865	0.9865	0.9865	0.9865	0.9865	0.9865	0.9862	0.9865	0.9865	0.9865	0.9865	0.9865	0.9863	0.9865	0.9865	0.9864	0.9865	0.9865	0.9865	0.9865	0.9865	1.4797	0.9864	0.9857	0.9865	0.9865	0.9865	0.9865	0.9865	0.9865	0.9865	0.9865	0.9865	0.9865	0.9865	0	1.4762	0.9863	0.9863	0.9865	0.9865	0.9865	0.9864	0.9865	0.9865	0.9865	0.9865	0.9865	0.9865
  h	0.9837	3.4378	1.4756	0.9845	1.476	0.984	0.9838	0.9837	0.9837	1.4754	0.9838	1.4759	1.476	1.476	1.4763	0.9834	0.9839	0.9838	1.4768	0.9837	1.9681	0.9837	0.9838	0.9837	0.9837	0.9839	4.4276	1.4757	1.9683	1.4759	1.476	1.476	1.9682	1.4759	1.476	0.9838	1.476	1.9683	1.4762	0	2.953	0.9836	1.476	0.9837	1.4761	1.9685	0.9837	0.984	0.984	0.984	1.476	0.984
  i	0.9863	1.4763	0.9861	0.9863	0.9863	0.9863	0.9863	0.9863	0.9862	0.986	1.4794	0.9863	0.9863	1.4794	0.9863	0.9861	0.9863	1.4794	1.4794	0.9863	0.9863	0.9862	1.4794	0.9863	0.9862	0.9862	1.9713	0.9862	0.9863	0.9863	0.9863	0.9863	0.9863	0.9863	0.9863	0.9863	0.9863	0.9863	0.9863	2.953	0	0.9861	0.9863	0.9862	0.9863	0.9862	0.9863	0.9863	0.9863	1.4794	0.9863	0.9863
  j	0.9863	0.9835	0.9861	0.9863	0.9864	0.9864	0.9864	0.9864	0.9863	0.986	0.9864	0.9863	0.9864	0.9864	0.9864	3.4513	0.9864	0.9864	0.9863	0.9864	0.9864	0.9863	0.9863	0.9864	0.9863	1.4794	0.9855	0.9863	0.9864	0.9864	0.9864	0.9864	0.9864	0.9863	0.9864	0.9864	0.9864	0.9864	0.9863	0.9836	0.9861	0	0.9864	0.9863	0.9864	0.9863	0.9863	0.9864	0.9864	0.9864	0.9864	0.9864
  k	0.9865	0.9839	0.9863	0.9865	0.9866	0.9865	0.9866	0.9866	0.9865	0.9862	0.9866	0.9865	0.9866	0.9865	0.9866	1.4795	0.9866	0.9866	0.9864	0.9866	0.9865	0.9865	0.9865	0.9866	0.9865	1.4797	0.9857	0.9865	0.9865	0.9865	0.9866	0.9866	0.9865	0.9865	0.9866	0.9866	0.9866	0.9865	0.9865	1.476	0.9863	0.9864	0	0.9865	0.9865	0.9864	0.9865	0.9866	0.9865	0.9865	0.9866	0.9866
  l	0.9865	0.9836	0.9863	0.9865	0.9865	0.9865	0.9865	0.9865	0.9865	0.9861	0.9865	0.9865	0.9865	0.9865	0.9865	0.9863	0.9865	0.9865	0.9864	0.9865	0.9865	0.9865	0.9865	0.9865	0.9865	0.9864	0.9856	0.9865	0.9865	0.9865	0.9865	0.9865	0.9865	0.9865	0.9865	0.9865	0.9865	0.9865	0.9865	0.9837	0.9862	0.9863	0.9865	0	0.9865	0.9864	0.9865	0.9865	1.4798	0.9865	0.9865	0.9865
  m	0.9865	0.9839	0.9863	0.9865	0.9866	0.9866	0.9866	0.9866	0.9865	0.9862	0.9866	0.9865	0.9866	0.9866	0.9866	0.9863	0.9866	0.9866	0.9864	0.9866	0.9865	0.9865	0.9865	0.9866	0.9865	0.9865	1.4786	0.9865	0.9865	0.9865	0.9866	0.9866	0.9865	0.9865	0.9866	0.9866	0.9866	0.9865	0.9865	1.4761	0.9863	0.9864	0.9865	0.9865	0	0.9864	0.9865	0.9866	0.9865	0.9866	0.9866	0.9866
  n	0.9864	1.4762	0.9863	0.9864	0.9865	0.9864	0.9864	0.9864	0.9864	0.9861	0.9864	0.9864	0.9865	0.9864	0.9865	0.9862	0.9865	0.9864	0.9863	0.9864	0.9864	0.9864	0.9864	0.9864	0.9864	0.9864	2.9572	0.9864	0.9864	0.9864	0.9865	0.9865	0.9864	0.9864	0.9865	0.9864	0.9865	0.9864	0.9864	1.9685	0.9862	0.9863	0.9864	0.9864	0.9864	0	0.9864	0.9865	0.9864	0.9864	0.9865	0.9865
  o	0.9865	0.9836	0.9863	0.9865	0.9866	0.9865	0.9866	0.9866	0.9865	0.9862	0.9866	0.9865	0.9866	0.9865	0.9865	0.9863	0.9866	0.9866	0.9864	0.9866	0.9865	1.4797	0.9865	1.4798	0.9865	0.9864	0.9856	0.9865	0.9865	0.9865	0.9866	0.9866	0.9865	0.9865	0.9866	0.9866	0.9866	0.9865	0.9865	0.9837	0.9863	0.9863	0.9865	0.9865	0.9865	0.9864	0	0.9866	0.9865	0.9865	0.9866	0.9866
  p	0.9866	1.4758	0.9864	0.9865	0.9866	0.9866	0.9866	0.9866	0.9865	0.9862	0.9866	0.9865	0.9866	0.9866	0.9866	0.9863	0.9866	0.9866	0.9864	0.9866	0.9865	0.9865	0.9865	0.9866	0.9865	0.9865	0.9857	0.9865	0.9865	0.9866	0.9866	0.9866	0.9866	0.9865	0.9866	0.9866	0.9866	0.9865	0.9865	0.984	0.9863	0.9864	0.9866	0.9865	0.9866	0.9865	0.9866	0	0.9866	0.9866	0.9866	0.9866
  q	0.9865	1.4758	0.9863	0.9865	0.9866	0.9865	0.9866	0.9866	0.9865	1.4793	0.9866	0.9865	0.9866	0.9865	0.9866	0.9863	0.9866	0.9866	0.9864	0.9866	0.9865	0.9865	0.9865	0.9866	0.9865	0.9864	0.9857	0.9865	0.9865	0.9865	0.9866	0.9866	0.9865	0.9865	0.9866	0.9866	0.9866	0.9865	0.9865	0.984	0.9863	0.9864	0.9865	1.4798	0.9865	0.9864	0.9865	0.9866	0	0.9865	0.9866	0.9866
  r	0.9865	1.4758	0.9863	0.9865	0.9866	0.9866	0.9866	0.9866	0.9865	0.9862	0.9866	0.9865	0.9866	0.9866	0.9866	0.9863	0.9866	0.9866	0.9864	0.9866	0.9865	0.9865	0.9865	0.9866	0.9865	0.9865	0.9857	0.9865	0.9865	0.9865	0.9866	0.9866	0.9865	0.9865	0.9866	0.9866	0.9866	0.9865	0.9865	0.984	1.4794	0.9864	0.9865	0.9865	0.9866	0.9864	0.9865	0.9866	0.9865	0	0.9866	0.9866
  s	0.9866	0.9839	0.9864	0.9865	0.9866	0.9866	0.9866	0.9866	0.9865	0.9862	0.9866	0.9865	0.9866	0.9866	0.9866	0.9863	0.9866	0.9866	0.9864	0.9866	0.9865	0.9865	0.9865	0.9866	0.9865	0.9865	0.9857	0.9865	0.9865	0.9866	0.9866	0.9866	0.9866	0.9865	0.9866	0.9866	0.9866	0.9865	0.9865	1.476	0.9863	0.9864	0.9866	0.9865	0.9866	0.9865	0.9866	0.9866	0.9866	0.9866	0	0.9866
  t	0.9866	1.4758	0.9864	0.9865	0.9866	0.9866	0.9866	0.9866	0.9865	0.9862	0.9866	0.9865	0.9866	0.9866	0.9866	0.9863	0.9866	0.9866	0.9864	0.9866	0.9865	0.9865	0.9865	0.9866	0.9865	0.9865	0.9857	0.9865	0.9865	0.9866	0.9866	0.9866	0.9866	0.9865	0.9866	0.9866	0.9866	0.9865	0.9865	0.984	0.9863	0.9864	0.9866	0.9865	0.9866	0.9865	0.9866	0.9866	0.9866	0.9866	0.9866	0

Actual rates from j->i (Q_ij):
	A	B	C	D	E	F	G	H	I	J	K	L	M	N	O	P	Q	R	S	T	U	V	W	X	Y	Z	[	\	]	^	_	`	a	b	c	d	e	f	g	h	i	j	k	l	m	n	o	p	q	r	s	t
  A	0	0.0208	0.0208	0.0208	0.0208	0.0208	0.0208	0.0208	0.0208	0.0208	0.0208	0.0208	0.0208	0.0208	0.0208	0.0208	0.0208	0.0208	0.0208	0.0208	0.0208	0.0208	0.0208	0.0208	0.0208	0.0208	0.0208	0.0312	0.0208	0.0208	0.0208	0.0208	0.0208	0.0208	0.0208	0.0208	0.0208	0.0208	0.0208	0.0208	0.0208	0.0208	0.0208	0.0208	0.0208	0.0208	0.0208	0.0208	0.0208	0.0208	0.0208	0.0208
  B	0.017	0	0.017	0.0595	0.017	0.0255	0.017	0.017	0.017	0.017	0.017	0.017	0.017	0.017	0.0255	0.017	0.0255	0.017	0.0595	0.017	0.017	0.017	0.017	0.017	0.017	0.0255	0.017	0.017	0.017	0.017	0.017	0.017	0.017	0.017	0.017	0.017	0.017	0.017	0.0255	0.0594	0.0255	0.017	0.017	0.017	0.017	0.0255	0.017	0.0255	0.0255	0.0255	0.017	0.0255
  C	0.0197	0.0196	0	0.0197	0.0197	0.0296	0.0197	0.0197	0.0197	0.0197	0.0197	0.0197	0.0197	0.0197	0.0197	0.0197	0.0197	0.0197	0.0197	0.0197	0.0197	0.0197	0.0197	0.0197	0.0197	0.0197	0.0197	0.0197	0.0197	0.0197	0.0197	0.0197	0.0197	0.0197	0.0197	0.0197	0.0197	0.0197	0.0197	0.0295	0.0197	0.0197	0.0197	0.0197	0.0197	0.0197	0.0197	0.0197	0.0197	0.0197	0.0197	0.0197
  D	0.0152	0.0529	0.0152	0	0.0152	0.0152	0.0152	0.0152	0.0152	0.0152	0.0152	0.0152	0.0152	0.0152	0.0152	0.0152	0.0227	0.0152	0.0152	0.0152	0.0152	0.0152	0.0152	0.0152	0.0152	0.0152	0.0151	0.0152	0.0152	0.0152	0.0152	0.0152	0.0152	0.0152	0.0152	0.0152	0.0152	0.0152	0.0152	0.0151	0.0152	0.0152	0.0152	0.0152	0.0152	0.0152	0.0152	0.0152	0.0152	0.0152	0.0152	0.0152
  E	0.0191	0.019	0.0191	0.0191	0	0.0191	0.0191	0.0191	0.0191	0.0191	0.0191	0.0191	0.0191	0.0191	0.0191	0.0191	0.0191	0.0191	0.0191	0.0191	0.0191	0.0191	0.0191	0.0191	0.0191	0.0191	0.019	0.0191	0.0191	0.0191	0.0191	0.0191	0.0191	0.0191	0.0191	0.0191	0.0191	0.0191	0.0191	0.0285	0.0191	0.0191	0.0191	0.0191	0.0191	0.0191	0.0191	0.0191	0.0191	0.0191	0.0191	0.0191
  F	0.0189	0.0282	0.0283	0.0189	0.0189	0	0.0189	0.0189	0.0189	0.0189	0.0189	0.0189	0.0189	0.0189	0.0189	0.0189	0.0189	0.0189	0.0189	0.0189	0.0189	0.0189	0.0189	0.0189	0.0189	0.0189	0.0189	0.0189	0.0189	0.0189	0.0189	0.0189	0.0189	0.0189	0.0189	0.0189	0.0189	0.0189	0.0189	0.0188	0.0189	0.0189	0.0189	0.0189	0.0189	0.0189	0.0189	0.0189	0.0189	0.0189	0.0189	0.0189
  G	0.0207	0.0206	0.0207	0.0207	0.0207	0.0207	0	0.0207	0.0207	0.0207	0.0207	0.0207	0.0207	0.0207	0.0207	0.0207	0.0207	0.0207	0.0311	0.0207	0.0207	0.0207	0.0207	0.0207	0.0207	0.0207	0.0207	0.0207	0.0207	0.0207	0.0207	0.0207	0.0207	0.0207	0.0207	0.0207	0.0207	0.0207	0.0207	0.0206	0.0207	0.0207	0.0207	0.0207	0.0207	0.0207	0.0207	0.0207	0.0207	0.0207	0.0207	0.0207
  H	0.0208	0.0208	0.0208	0.0208	0.0208	0.0208	0.0208	0	0.0208	0.0208	0.0208	0.0208	0.0208	0.0208	0.0208	0.0208	0.0208	0.0208	0.0208	0.0208	0.0208	0.0208	0.0208	0.0208	0.0208	0.0208	0.0208	0.0208	0.0208	0.0208	0.0208	0.0208	0.0312	0.0208	0.0208	0.0208	0.0208	0.0208	0.0208	0.0208	0.0208	0.0208	0.0208	0.0208	0.0208	0.0208	0.0208	0.0208	0.0208	0.0208	0.0208	0.0208
  I	0.0208	0.0208	0.0208	0.0208	0.0208	0.0208	0.0208	0.0208	0	0.0208	0.0208	0.0208	0.0208	0.0208	0.0208	0.0208	0.0208	0.0208	0.0208	0.0208	0.0208	0.0312	0.0208	0.0208	0.0208	0.0208	0.0208	0.0208	0.0208	0.0208	0.0208	0.0208	0.0208	0.0312	0.0208	0.0208	0.0208	0.0208	0.0208	0.0208	0.0208	0.0208	0.0208	0.0208	0.0208	0.0208	0.0208	0.0208	0.0208	0.0208	0.0208	0.0208
  J	0.0197	0.0197	0.0197	0.0197	0.0197	0.0197	0.0197	0.0197	0.0197	0	0.0197	0.0197	0.0197	0.0197	0.0197	0.0197	0.0197	0.0197	0.0197	0.0197	0.0197	0.0197	0.0296	0.0197	0.0197	0.0197	0.0197	0.0592	0.0197	0.0197	0.0197	0.0197	0.0197	0.0197	0.0197	0.0197	0.0197	0.0197	0.0197	0.0295	0.0197	0.0197	0.0197	0.0197	0.0197	0.0197	0.0197	0.0197	0.0296	0.0197	0.0197	0.0197
  K	0.0204	0.0203	0.0204	0.0204	0.0204	0.0204	0.0204	0.0204	0.0204	0.0204	0	0.0204	0.0204	0.0204	0.0204	0.0204	0.0204	0.0204	0.0204	0.0204	0.0204	0.0204	0.0204	0.0204	0.0204	0.0204	0.0306	0.0204	0.0204	0.0204	0.0204	0.0204	0.0204	0.0204	0.0204	0.0204	0.0204	0.0204	0.0204	0.0203	0.0306	0.0204	0.0204	0.0204	0.0204	0.0204	0.0204	0.0204	0.0204	0.0204	0.0204	0.0204
  L	0.0191	0.019	0.0191	0.0191	0.0191	0.0191	0.0191	0.0191	0.0191	0.0191	0.0191	0	0.0191	0.0191	0.0191	0.0191	0.0191	0.0191	0.0191	0.0191	0.0286	0.0191	0.0191	0.0191	0.0191	0.0191	0.0191	0.0191	0.0191	0.0191	0.0191	0.0191	0.0191	0.0191	0.0191	0.0191	0.0191	0.0191	0.0191	0.0285	0.0191	0.0191	0.0191	0.0191	0.0191	0.0191	0.0191	0.0191	0.0191	0.0191	0.0191	0.0191
  M	0.0191	0.019	0.0191	0.0191	0.0191	0.0191	0.0191	0.0191	0.0191	0.0191	0.0191	0.0191	0	0.0191	0.0191	0.0191	0.0191	0.0191	0.0191	0.0191	0.0191	0.0191	0.0191	0.0191	0.0191	0.0191	0.019	0.0191	0.0191	0.0191	0.0191	0.0191	0.0191	0.0191	0.0191	0.0191	0.0191	0.0191	0.0191	0.0285	0.0191	0.0191	0.0191	0.0191	0.0191	0.0191	0.0191	0.0191	0.0191	0.0191	0.0191	0.0191
  N	0.0189	0.0188	0.0189	0.0189	0.0189	0.0189	0.0189	0.0189	0.0189	0.0189	0.0189	0.0189	0.0189	0	0.0189	0.0189	0.0189	0.0189	0.0189	0.0189	0.0189	0.0189	0.0189	0.0189	0.0189	0.0189	0.0189	0.0189	0.0189	0.0189	0.0189	0.0189	0.0189	0.0189	0.0189	0.0189	0.0189	0.0189	0.0189	0.0283	0.0283	0.0189	0.0189	0.0189	0.0189	0.0189	0.0189	0.0189	0.0189	0.0189	0.0189	0.0189
  O	0.0175	0.0262	0.0175	0.0175	0.0175	0.0175	0.0175	0.0175	0.0175	0.0175	0.0175	0.0175	0.0175	0.0175	0	0.0175	0.0175	0.0175	0.0175	0.0175	0.0175	0.0175	0.0175	0.0175	0.0175	0.0175	0.0175	0.0175	0.0175	0.0175	0.0175	0.0175	0.0175	0.0175	0.0175	0.0175	0.0175	0.0175	0.0175	0.0262	0.0175	0.0175	0.0175	0.0175	0.0175	0.0175	0.0175	0.0175	0.0175	0.0175	0.0175	0.0175
  P	0.022	0.0219	0.022	0.022	0.022	0.022	0.022	0.022	0.022	0.022	0.022	0.022	0.022	0.022	0.022	0	0.022	0.022	0.022	0.022	0.022	0.022	0.022	0.022	0.022	0.022	0.022	0.022	0.022	0.022	0.022	0.022	0.022	0.022	0.022	0.033	0.022	0.022	0.022	0.0219	0.022	0.077	0.033	0.022	0.022	0.022	0.022	0.022	0.022	0.022	0.022	0.022
  Q	0.0193	0.0289	0.0193	0.029	0.0193	0.0193	0.0193	0.0193	0.0193	0.0193	0.0193	0.0193	0.0193	0.0193	0.0193	0.0193	0	0.0193	0.0193	0.0193	0.0193	0.0193	0.0193	0.0193	0.0193	0.0193	0.0193	0.0193	0.0193	0.0193	0.0193	0.0193	0.0193	0.0193	0.0193	0.0193	0.0193	0.0193	0.0193	0.0193	0.0193	0.0193	0.0193	0.0193	0.0193	0.0193	0.0193	0.0193	0.0193	0.0193	0.0193	0.0193
  R	0.0206	0.0206	0.0206	0.0206	0.0206	0.0206	0.0206	0.0206	0.0206	0.0206	0.0206	0.0206	0.0206	0.0206	0.0206	0.0206	0.0206	0	0.0206	0.0206	0.0206	0.0206	0.0206	0.0206	0.0206	0.0206	0.0206	0.0206	0.0206	0.0206	0.0206	0.0206	0.0206	0.0206	0.0206	0.0206	0.0206	0.0206	0.0206	0.0206	0.0309	0.0206	0.0206	0.0206	0.0206	0.0206	0.0206	0.0206	0.0206	0.0206	0.0206	0.0206
  S	0.0142	0.0497	0.0142	0.0142	0.0142	0.0142	0.0213	0.0142	0.0142	0.0142	0.0142	0.0142	0.0142	0.0142	0.0142	0.0142	0.0142	0.0142	0	0.0142	0.0142	0.0142	0.0142	0.0142	0.0142	0.0142	0.0142	0.0142	0.0142	0.0142	0.0142	0.0142	0.0142	0.0142	0.0142	0.0142	0.0142	0.0142	0.0142	0.0213	0.0213	0.0142	0.0142	0.0142	0.0142	0.0142	0.0142	0.0142	0.0142	0.0142	0.0142	0.0142
  T	0.0208	0.0207	0.0208	0.0208	0.0208	0.0208	0.0208	0.0208	0.0208	0.0208	0.0208	0.0208	0.0208	0.0208	0.0208	0.0208	0.0208	0.0208	0.0208	0	0.0208	0.0208	0.0208	0.0208	0.0208	0.0208	0.0208	0.0208	0.0208	0.0208	0.0208	0.0208	0.0208	0.0312	0.0208	0.0208	0.0208	0.0208	0.0208	0.0207	0.0208	0.0208	0.0208	0.0208	0.0208	0.0208	0.0208	0.0208	0.0208	0.0208	0.0208	0.0208
  U	0.0183	0.0182	0.0183	0.0183	0.0183	0.0183	0.0183	0.0183	0.0183	0.0183	0.0183	0.0274	0.0183	0.0183	0.0183	0.0183	0.0183	0.0183	0.0183	0.0183	0	0.0183	0.0183	0.0183	0.0183	0.0183	0.0182	0.0183	0.0183	0.0183	0.0183	0.0183	0.0183	0.0183	0.0183	0.0183	0.0183	0.0183	0.0183	0.0364	0.0183	0.0183	0.0183	0.0183	0.0183	0.0183	0.0183	0.0183	0.0183	0.0183	0.0183	0.0183
  V	0.0209	0.0208	0.0209	0.0209	0.0209	0.0209	0.0209	0.0209	0.0313	0.0209	0.0209	0.0209	0.0209	0.0209	0.0209	0.0209	0.0209	0.0209	0.0209	0.0209	0.0209	0	0.0209	0.0209	0.0209	0.0209	0.0208	0.0209	0.0209	0.0209	0.0209	0.0209	0.0209	0.0209	0.0209	0.0209	0.0209	0.0209	0.0209	0.0208	0.0209	0.0209	0.0209	0.0209	0.0209	0.0209	0.0313	0.0209	0.0209	0.0209	0.0209	0.0209
  W	0.0204	0.0203	0.0204	0.0204	0.0204	0.0204	0.0204	0.0204	0.0204	0.0306	0.0204	0.0204	0.0204	0.0204	0.0204	0.0204	0.0204	0.0204	0.0204	0.0204	0.0204	0.0204	0	0.0204	0.0204	0.0204	0.0204	0.0204	0.0204	0.0204	0.0204	0.0204	0.0204	0.0204	0.0204	0.0204	0.0204	0.0204	0.0204	0.0203	0.0306	0.0204	0.0204	0.0204	0.0204	0.0204	0.0204	0.0204	0.0204	0.0204	0.0204	0.0204
  X	0.0208	0.0208	0.0208	0.0208	0.0208	0.0208	0.0208	0.0208	0.0208	0.0208	0.0208	0.0208	0.0208	0.0208	0.0208	0.0208	0.0208	0.0208	0.0208	0.0208	0.0208	0.0208	0.0208	0	0.0208	0.0208	0.0208	0.0208	0.0208	0.0208	0.0208	0.0208	0.0208	0.0208	0.0208	0.0208	0.0208	0.0208	0.0208	0.0208	0.0208	0.0208	0.0208	0.0208	0.0208	0.0208	0.0312	0.0208	0.0208	0.0208	0.0208	0.0208
  Y	0.0208	0.0208	0.0208	0.0208	0.0208	0.0208	0.0208	0.0208	0.0208	0.0208	0.0208	0.0208	0.0208	0.0208	0.0208	0.0208	0.0208	0.0208	0.0208	0.0208	0.0208	0.0208	0.0208	0.0208	0	0.0208	0.0208	0.0312	0.0208	0.0208	0.0208	0.0208	0.0208	0.0208	0.0208	0.0208	0.0208	0.0208	0.0312	0.0208	0.0208	0.0208	0.0208	0.0208	0.0208	0.0208	0.0208	0.0208	0.0208	0.0208	0.0208	0.0208
  Z	0.0194	0.029	0.0194	0.0194	0.0194	0.0194	0.0194	0.0194	0.0194	0.0194	0.0194	0.0194	0.0194	0.0194	0.0194	0.0194	0.0194	0.0194	0.0194	0.0194	0.0194	0.0194	0.0194	0.0194	0.0194	0	0.0193	0.0194	0.0194	0.0194	0.0194	0.0194	0.0194	0.0194	0.0194	0.0194	0.0194	0.0194	0.0194	0.0193	0.0194	0.029	0.029	0.0194	0.0194	0.0194	0.0194	0.0194	0.0194	0.0194	0.0194	0.0194
  [	0.0147	0.0147	0.0147	0.0148	0.0147	0.0147	0.0147	0.0147	0.0147	0.0147	0.0221	0.0147	0.0147	0.0147	0.0147	0.0147	0.0147	0.0147	0.0147	0.0147	0.0147	0.0147	0.0147	0.0147	0.0147	0.0147	0	0.0147	0.0147	0.0147	0.0147	0.0147	0.0147	0.0147	0.0147	0.0147	0.0147	0.0147	0.0147	0.0662	0.0295	0.0147	0.0147	0.0147	0.0221	0.0442	0.0147	0.0147	0.0147	0.0147	0.0147	0.0147
  \	0.0299	0.0199	0.0199	0.0199	0.0199	0.0199	0.0199	0.0199	0.0199	0.0598	0.0199	0.0199	0.0199	0.0199	0.0199	0.0199	0.0199	0.0199	0.0199	0.0199	0.0199	0.0199	0.0199	0.0199	0.0299	0.0199	0.0199	0	0.0199	0.0199	0.0199	0.0199	0.0199	0.0199	0.0199	0.0199	0.0199	0.0199	0.0199	0.0298	0.0199	0.0199	0.0199	0.0199	0.0199	0.0199	0.0199	0.0199	0.0199	0.0199	0.0199	0.0199
  ]	0.0176	0.0176	0.0176	0.0176	0.0176	0.0176	0.0176	0.0176	0.0176	0.0176	0.0176	0.0176	0.0176	0.0176	0.0176	0.0176	0.0176	0.0176	0.0176	0.0176	0.0176	0.0176	0.0176	0.0176	0.0176	0.0176	0.0176	0.0176	0	0.0176	0.0176	0.0176	0.0176	0.0176	0.0176	0.0176	0.0176	0.0176	0.0176	0.0351	0.0176	0.0176	0.0176	0.0176	0.0176	0.0176	0.0176	0.0176	0.0176	0.0176	0.0176	0.0176
  ^	0.0191	0.019	0.0191	0.0191	0.0191	0.0191	0.0191	0.0191	0.0191	0.0191	0.0191	0.0191	0.0191	0.0191	0.0191	0.0191	0.0191	0.0191	0.0191	0.0191	0.0191	0.0191	0.0191	0.0191	0.0191	0.0191	0.0191	0.0191	0.0191	0	0.0191	0.0191	0.0191	0.0191	0.0191	0.0191	0.0191	0.0191	0.0191	0.0286	0.0191	0.0191	0.0191	0.0191	0.0191	0.0191	0.0191	0.0191	0.0191	0.0191	0.0191	0.0191
  _	0.0191	0.019	0.0191	0.0191	0.0191	0.0191	0.0191	0.0191	0.0191	0.0191	0.0191	0.0191	0.0191	0.0191	0.0191	0.0191	0.0191	0.0191	0.0191	0.0191	0.0191	0.0191	0.0191	0.0191	0.0191	0.0191	0.019	0.0191	0.0191	0.0191	0	0.0191	0.0191	0.0191	0.0191	0.0191	0.0191	0.0191	0.0191	0.0285	0.0191	0.0191	0.0191	0.0191	0.0191	0.0191	0.0191	0.0191	0.0191	0.0191	0.0191	0.0191
  `	0.0191	0.019	0.0191	0.0191	0.0191	0.0191	0.0191	0.0191	0.0191	0.0191	0.0191	0.0191	0.0191	0.0191	0.0191	0.0191	0.0191	0.0191	0.0191	0.0191	0.0191	0.0191	0.0191	0.0191	0.0191	0.0191	0.019	0.0191	0.0191	0.0191	0.0191	0	0.0191	0.0191	0.0191	0.0191	0.0191	0.0191	0.0191	0.0285	0.0191	0.0191	0.0191	0.0191	0.0191	0.0191	0.0191	0.0191	0.0191	0.0191	0.0191	0.0191
  a	0.0179	0.0179	0.0179	0.0179	0.0179	0.0179	0.0179	0.0269	0.0179	0.0179	0.0179	0.0179	0.0179	0.0179	0.0179	0.0179	0.0179	0.0179	0.0179	0.0179	0.0179	0.0179	0.0179	0.0179	0.0179	0.0179	0.0179	0.0179	0.0179	0.0179	0.0179	0.0179	0	0.0179	0.0179	0.0179	0.0179	0.0179	0.0179	0.0358	0.0179	0.0179	0.0179	0.0179	0.0179	0.0179	0.0179	0.0179	0.0179	0.0179	0.0179	0.0179
  b	0.0191	0.019	0.0191	0.0191	0.0191	0.0191	0.0191	0.0191	0.0286	0.0191	0.0191	0.0191	0.0191	0.0191	0.0191	0.0191	0.0191	0.0191	0.0191	0.0286	0.0191	0.0191	0.0191	0.0191	0.0191	0.0191	0.0191	0.0191	0.0191	0.0191	0.0191	0.0191	0.0191	0	0.0191	0.0191	0.0191	0.0191	0.0191	0.0285	0.0191	0.0191	0.0191	0.0191	0.0191	0.0191	0.0191	0.0191	0.0191	0.0191	0.0191	0.0191
  c	0.0191	0.019	0.0191	0.0191	0.0191	0.0191	0.0191	0.0191	0.0191	0.0191	0.0191	0.0191	0.0191	0.0191	0.0191	0.0191	0.0191	0.0191	0.0191	0.0191	0.0191	0.0191	0.0191	0.0191	0.0191	0.0191	0.019	0.0191	0.0191	0.0191	0.0191	0.0191	0.0191	0.0191	0	0.0191	0.0191	0.0191	0.0191	0.0285	0.0191	0.0191	0.0191	0.0191	0.0191	0.0191	0.0191	0.0191	0.0191	0.0191	0.0191	0.0191
  d	0.0207	0.0206	0.0207	0.0207	0.0207	0.0207	0.0207	0.0207	0.0207	0.0206	0.0207	0.0207	0.0207	0.0207	0.0207	0.031	0.0207	0.0207	0.0207	0.0207	0.0207	0.0207	0.0207	0.0207	0.0207	0.0207	0.0206	0.0207	0.0207	0.0207	0.0207	0.0207	0.0207	0.0207	0.0207	0	0.0207	0.0207	0.0207	0.0206	0.0206	0.0207	0.0207	0.0207	0.0207	0.0207	0.0207	0.0207	0.0207	0.0207	0.0207	0.0207
  e	0.0191	0.019	0.0191	0.0191	0.0191	0.0191	0.0191	0.0191	0.0191	0.0191	0.0191	0.0191	0.0191	0.0191	0.0191	0.0191	0.0191	0.0191	0.0191	0.0191	0.0191	0.0191	0.0191	0.0191	0.0191	0.0191	0.019	0.0191	0.0191	0.0191	0.0191	0.0191	0.0191	0.0191	0.0191	0.0191	0	0.0191	0.0191	0.0285	0.0191	0.0191	0.0191	0.0191	0.0191	0.0191	0.0191	0.0191	0.0191	0.0191	0.0191	0.0191
  f	0.0176	0.0176	0.0176	0.0176	0.0176	0.0176	0.0176	0.0176	0.0176	0.0176	0.0176	0.0176	0.0176	0.0176	0.0176	0.0176	0.0176	0.0176	0.0176	0.0176	0.0176	0.0176	0.0176	0.0176	0.0176	0.0176	0.0176	0.0176	0.0176	0.0176	0.0176	0.0176	0.0176	0.0176	0.0176	0.0176	0.0176	0	0.0176	0.0351	0.0176	0.0176	0.0176	0.0176	0.0176	0.0176	0.0176	0.0176	0.0176	0.0176	0.0176	0.0176
  g	0.0179	0.0267	0.0179	0.0179	0.0179	0.0179	0.0179	0.0179	0.0179	0.0179	0.0179	0.0179	0.0179	0.0179	0.0179	0.0179	0.0179	0.0179	0.0179	0.0179	0.0179	0.0179	0.0179	0.0179	0.0268	0.0179	0.0179	0.0179	0.0179	0.0179	0.0179	0.0179	0.0179	0.0179	0.0179	0.0179	0.0179	0.0179	0	0.0267	0.0179	0.0179	0.0179	0.0179	0.0179	0.0179	0.0179	0.0179	0.0179	0.0179	0.0179	0.0179
  h	0.0143	0.0501	0.0215	0.0143	0.0215	0.0143	0.0143	0.0143	0.0143	0.0215	0.0143	0.0215	0.0215	0.0215	0.0215	0.0143	0.0143	0.0143	0.0215	0.0143	0.0287	0.0143	0.0143	0.0143	0.0143	0.0143	0.0645	0.0215	0.0287	0.0215	0.0215	0.0215	0.0287	0.0215	0.0215	0.0143	0.0215	0.0287	0.0215	0	0.043	0.0143	0.0215	0.0143	0.0215	0.0287	0.0143	0.0143	0.0143	0.0143	0.0215	0.0143
  i	0.015	0.0225	0.015	0.015	0.015	0.015	0.015	0.015	0.015	0.015	0.0225	0.015	0.015	0.0225	0.015	0.015	0.015	0.0225	0.0225	0.015	0.015	0.015	0.0225	0.015	0.015	0.015	0.03	0.015	0.015	0.015	0.015	0.015	0.015	0.015	0.015	0.015	0.015	0.015	0.015	0.0449	0	0.015	0.015	0.015	0.015	0.015	0.015	0.015	0.015	0.0225	0.015	0.015
  j	0.0205	0.0205	0.0205	0.0205	0.0205	0.0205	0.0205	0.0205	0.0205	0.0205	0.0205	0.0205	0.0205	0.0205	0.0205	0.0719	0.0205	0.0205	0.0205	0.0205	0.0205	0.0205	0.0205	0.0205	0.0205	0.0308	0.0205	0.0205	0.0205	0.0205	0.0205	0.0205	0.0205	0.0205	0.0205	0.0205	0.0205	0.0205	0.0205	0.0205	0.0205	0	0.0205	0.0205	0.0205	0.0205	0.0205	0.0205	0.0205	0.0205	0.0205	0.0205
  k	0.0189	0.0188	0.0189	0.0189	0.0189	0.0189	0.0189	0.0189	0.0189	0.0189	0.0189	0.0189	0.0189	0.0189	0.0189	0.0283	0.0189	0.0189	0.0189	0.0189	0.0189	0.0189	0.0189	0.0189	0.0189	0.0283	0.0188	0.0189	0.0189	0.0189	0.0189	0.0189	0.0189	0.0189	0.0189	0.0189	0.0189	0.0189	0.0189	0.0282	0.0189	0.0189	0	0.0189	0.0189	0.0189	0.0189	0.0189	0.0189	0.0189	0.0189	0.0189
  l	0.0209	0.0208	0.0209	0.0209	0.0209	0.0209	0.0209	0.0209	0.0209	0.0209	0.0209	0.0209	0.0209	0.0209	0.0209	0.0209	0.0209	0.0209	0.0209	0.0209	0.0209	0.0209	0.0209	0.0209	0.0209	0.0209	0.0209	0.0209	0.0209	0.0209	0.0209	0.0209	0.0209	0.0209	0.0209	0.0209	0.0209	0.0209	0.0209	0.0208	0.0209	0.0209	0.0209	0	0.0209	0.0209	0.0209	0.0209	0.0313	0.0209	0.0209	0.0209
  m	0.0185	0.0185	0.0185	0.0185	0.0185	0.0185	0.0185	0.0185	0.0185	0.0185	0.0185	0.0185	0.0185	0.0185	0.0185	0.0185	0.0185	0.0185	0.0185	0.0185	0.0185	0.0185	0.0185	0.0185	0.0185	0.0185	0.0278	0.0185	0.0185	0.0185	0.0185	0.0185	0.0185	0.0185	0.0185	0.0185	0.0185	0.0185	0.0185	0.0277	0.0185	0.0185	0.0185	0.0185	0	0.0185	0.0185	0.0185	0.0185	0.0185	0.0185	0.0185
  n	0.0166	0.0248	0.0166	0.0166	0.0166	0.0166	0.0166	0.0166	0.0166	0.0166	0.0166	0.0166	0.0166	0.0166	0.0166	0.0166	0.0166	0.0166	0.0166	0.0166	0.0166	0.0166	0.0166	0.0166	0.0166	0.0166	0.0497	0.0166	0.0166	0.0166	0.0166	0.0166	0.0166	0.0166	0.0166	0.0166	0.0166	0.0166	0.0166	0.0331	0.0166	0.0166	0.0166	0.0166	0.0166	0	0.0166	0.0166	0.0166	0.0166	0.0166	0.0166
  o	0.0208	0.0208	0.0208	0.0208	0.0208	0.0208	0.0208	0.0208	0.0208	0.0208	0.0208	0.0208	0.0208	0.0208	0.0208	0.0208	0.0208	0.0208	0.0208	0.0208	0.0208	0.0312	0.0208	0.0312	0.0208	0.0208	0.0208	0.0208	0.0208	0.0208	0.0208	0.0208	0.0208	0.0208	0.0208	0.0208	0.0208	0.0208	0.0208	0.0208	0.0208	0.0208	0.0208	0.0208	0.0208	0.0208	0	0.0208	0.0208	0.0208	0.0208	0.0208
  p	0.019	0.0284	0.019	0.019	0.019	0.019	0.019	0.019	0.019	0.019	0.019	0.019	0.019	0.019	0.019	0.019	0.019	0.019	0.019	0.019	0.019	0.019	0.019	0.019	0.019	0.019	0.019	0.019	0.019	0.019	0.019	0.019	0.019	0.019	0.019	0.019	0.019	0.019	0.019	0.0189	0.019	0.019	0.019	0.019	0.019	0.019	0.019	0	0.019	0.019	0.019	0.019
  q	0.0191	0.0286	0.0191	0.0191	0.0191	0.0191	0.0191	0.0191	0.0191	0.0287	0.0191	0.0191	0.0191	0.0191	0.0191	0.0191	0.0191	0.0191	0.0191	0.0191	0.0191	0.0191	0.0191	0.0191	0.0191	0.0191	0.0191	0.0191	0.0191	0.0191	0.0191	0.0191	0.0191	0.0191	0.0191	0.0191	0.0191	0.0191	0.0191	0.0191	0.0191	0.0191	0.0191	0.0287	0.0191	0.0191	0.0191	0.0191	0	0.0191	0.0191	0.0191
  r	0.0188	0.0282	0.0188	0.0188	0.0188	0.0188	0.0188	0.0188	0.0188	0.0188	0.0188	0.0188	0.0188	0.0188	0.0188	0.0188	0.0188	0.0188	0.0188	0.0188	0.0188	0.0188	0.0188	0.0188	0.0188	0.0188	0.0188	0.0188	0.0188	0.0188	0.0188	0.0188	0.0188	0.0188	0.0188	0.0188	0.0188	0.0188	0.0188	0.0188	0.0282	0.0188	0.0188	0.0188	0.0188	0.0188	0.0188	0.0188	0.0188	0	0.0188	0.0188
  s	0.0191	0.019	0.0191	0.0191	0.0191	0.0191	0.0191	0.0191	0.0191	0.0191	0.0191	0.0191	0.0191	0.0191	0.0191	0.0191	0.0191	0.0191	0.0191	0.0191	0.0191	0.0191	0.0191	0.0191	0.0191	0.0191	0.019	0.0191	0.0191	0.0191	0.0191	0.0191	0.0191	0.0191	0.0191	0.0191	0.0191	0.0191	0.0191	0.0285	0.0191	0.0191	0.0191	0.0191	0.0191	0.0191	0.0191	0.0191	0.0191	0.0191	0	0.0191
  t	0.019	0.0284	0.019	0.019	0.019	0.019	0.019	0.019	0.019	0.019	0.019	0.019	0.019	0.019	0.019	0.019	0.019	0.019	0.019	0.019	0.019	0.019	0.019	0.019	0.019	0.019	0.019	0.019	0.019	0.019	0.019	0.019	0.019	0.019	0.019	0.019	0.019	0.019	0.019	0.0189	0.019	0.019	0.019	0.019	0.019	0.019	0.019	0.019	0.019	0.019	0.019	0
